562475
913873
94913
5984
674842
993865
344406
9753
971970
95200
765547
310124
408316
457597
517459
634000
447920
17296
139
30856
9063
520896
2600
536950
862925
551300
189019
856525
283345
720617
317750
62196
485644
587188
18573
776216
766825
916161
357760
12858
84
2820
65567
762355
901389
126374
166195
596971
348812
714017
920990
1402
20636
781871
45659
325500
443
247
1140
105995
932828
143921
242200
261993
299075
1
932645
748660
149745
434737
428583
266159
529396
116633
696481
884035
484476
551622
41878
282720
914025
560
170520
283758
815627
997631
453434
419220
281295
20
477200
969
721764
837030
15180
462384
950216
258748
83603
1578
10397
738061
979585
874216
198485
4317
3183
515515
4960
9880
620620
23677
861595
469846
215180
303
156849
7793
742071
437989
210988
3276
12843
809850
95941
406025
9973
23841
29938
807791
217
160821
579879
815210
929395
2687
402254
708561
189764
1771
634420
813299
856300
37798
478525
761154
637916
393084
7939
432936
646065
77440
1540
127020
7542
648141
50116
71157
83
790409
11962
593833
75750
669920
1117
121485
258108
4534
893258
57156
209934
137800
29157
455927
448356
770757
108471
7770
455
406757
38453
257132
966245
899045
770908
28701
898293
820135
542213
221815
4495
53860
467180
59077
686768
649369
10
680120
856615
88560
10044
0
