730545
892658
496061
667095
310124
35
741623
7542
804440
647
969
192764
9772
596904
34220
145555
2372
950183
16215
956290
302
152096
554861
575824
31031
268939
978632
657297
166650
600328
12341
725517
360203
2327
1243
966615
184402
161122
16097
122499
403019
169038
608234
16742
33
540274
285605
517586
25723
423688
11320
475275
869518
383916
152845
640053
120
318160
327331
576597
877624
62196
153405
382430
185260
79299
2656
35244
392084
905742
539738
325500
93892
149205
564578
2973
171700
811311
76076
986072
24285
205476
357816
440706
287548
318567
820388
47627
575000
21523
407040
138305
12858
800211
242572
93640
2417
4832
2858
251339
70552
295240
466037
838576
113062
102109
672944
16637
18573
555190
50720
792841
438448
187703
3138
62158
818805
65017
29157
2437
6067
343867
540284
103
286
70300
139
475947
1612
82848
9063
283
38453
642711
502
9973
261934
6104
556186
5142
87360
17813
44822
2818
467635
480565
6022
17253
454980
7387
373711
695520
869079
861288
931628
2382
2057
5238
54064
6186
289371
329971
548
11962
988624
3142
646255
869394
867688
6863
2053
447580
2538
524735
939949
19277
24338
158179
2217
756130
748660
713
22657
5070
418340
85320
13822
176851
647650
8307
36312
59445
12247
20918
1140
286445
320062
219
26007
85733
1771
0
