38 48
61 97
44 53
13 53
3 38
89 94
76 86
23 90
70 78
9 81
11 35
7 58
14 78
54 57
22 68
36 37
55 88
89 90
50 53
44 65
81 96
41 98
10 18
55 83
85 98
48 88
62 76
56 66
18 44
46 86
38 71
76 88
31 85
6 37
65 83
52 91
15 98
1 37
9 62
2 60
59 71
1 34
10 52
39 43
28 92
45 53
73 93
23 80
1 39
26 28
90 99
11 17
56 83
17 65
36 53
56 86
4 90
45 58
79 93
35 72
32 43
9 25
64 95
29 85
39 58
59 75
6 47
10 61
12 40
7 18
48 63
28 45
33 37
3 65
1 9
84 94
34 88
68 99
86 95
16 29
30 79
37 77
15 59
23 91
39 93
45 57
2 71
4 64
40 97
7 72
20 83
57 59
3 21
6 79
7 57
28 88
61 73
22 44
22 56
62 65
0 0
