27 55
79 83
28 63
8 54
4 38
11 129
36 109
13 92
13 104
32 75
18 32
13 57
54 58
29 73
48 53
13 50
44 94
20 125
33 65
55 56
30 122
58 89
5 20
11 99
14 129
7 100
39 90
10 86
30 37
40 89
16 79
61 99
25 87
26 27
61 86
64 83
66 74
23 29
26 57
30 52
8 92
14 31
28 45
3 58
15 95
22 66
23 116
40 73
2 39
13 36
39 128
4 20
64 77
40 54
25 59
59 84
14 89
36 64
3 122
53 60
24 48
15 22
32 110
55 71
20 67
55 78
33 34
15 60
8 41
4 19
55 57
1 53
8 49
45 47
2 9
47 117
50 80
76 93
50 118
3 33
54 65
53 67
41 45
59 73
51 87
41 60
41 58
12 63
14 104
47 55
27 81
3 82
14 16
14 78
33 47
31 87
6 95
30 39
5 60
26 86
