38 90
41 58
55 70
24 66
35 90
4 70
11 81
45 95
62 82
30 46
7 72
6 55
49 71
17 70
42 68
28 35
49 61
15 42
44 68
70 77
7 12
74 85
5 61
51 80
35 46
27 87
30 53
20 64
21 37
29 57
24 63
48 83
71 83
33 82
21 55
52 92
82 100
37 40
43 73
1 72
30 51
26 66
71 73
44 95
13 85
39 72
72 75
5 71
35 52
85 94
21 83
31 42
41 60
75 93
3 74
75 77
28 55
8 32
5 77
55 73
3 81
11 14
4 41
11 69
34 100
49 84
32 53
8 58
63 96
53 81
69 97
16 74
31 61
36 54
23 26
24 79
38 63
18 42
16 90
20 32
50 62
17 50
90 98
24 70
10 99
22 85
9 41
87 89
35 97
10 72
5 16
61 94
65 81
58 85
30 42
41 67
28 32
43 76
40 76
80 83
0 0
