30 93
3 71
48 75
33 62
51 82
5 70
21 79
49 93
13 102
33 44
47 55
16 53
60 62
3 72
55 58
9 44
14 77
30 33
1 81
4 104
5 13
52 100
38 48
13 94
10 57
5 91
24 56
3 67
7 42
27 58
36 57
13 95
22 107
62 63
38 45
12 105
40 123
24 49
28 80
12 71
16 57
46 54
34 96
50 92
1 86
25 78
40 96
29 65
24 58
21 125
33 79
5 52
10 72
84 85
42 61
18 106
40 47
1 33
25 73
16 90
51 63
8 16
10 40
23 66
69 80
7 97
11 61
27 52
33 110
60 76
22 117
42 63
14 67
11 64
11 33
10 82
50 54
8 45
31 86
23 30
24 76
26 46
4 133
1 74
38 92
53 70
1 42
78 97
21 101
38 62
8 15
4 112
42 95
55 87
8 51
53 58
17 39
56 67
18 84
79 84
