27 68
45 69
29 84
20 77
27 64
80 90
67 74
42 100
45 61
10 69
41 95
6 76
12 22
15 29
9 18
16 33
24 99
42 73
52 80
9 22
12 33
4 97
2 84
39 77
40 83
5 86
46 99
40 61
3 29
3 44
50 53
38 67
28 82
93 96
51 58
52 93
23 87
22 44
12 63
73 99
4 63
19 48
53 90
39 92
24 77
22 87
11 52
26 60
25 63
31 40
11 62
93 94
8 17
2 89
71 89
21 91
63 89
56 95
13 55
12 37
31 57
46 97
32 72
9 13
9 82
49 92
55 79
19 24
44 74
23 57
25 71
37 94
3 40
28 41
22 36
17 94
19 93
4 79
5 84
44 57
23 39
13 45
64 71
8 39
1 31
5 35
30 38
69 82
30 97
13 72
31 65
21 66
13 52
29 91
1 19
7 36
63 81
54 74
37 48
68 98
0 0
