5 73
8 82
56 69
36 71
35 60
49 110
13 99
23 106
50 57
32 62
59 85
22 73
2 25
21 25
3 20
11 35
53 87
57 62
9 95
13 20
3 35
20 95
52 66
59 63
24 89
14 85
16 108
12 72
11 27
24 37
33 65
3 77
17 85
35 129
28 72
11 106
54 72
30 39
33 55
2 123
41 48
27 44
10 104
31 95
27 76
12 89
35 40
41 51
41 54
8 50
22 59
8 132
10 16
23 86
14 113
25 90
73 81
8 110
8 56
27 28
36 54
50 95
46 64
1 16
42 71
68 79
65 71
10 29
19 84
8 61
22 72
53 86
13 38
21 45
10 41
49 82
27 91
22 76
59 60
31 65
31 33
30 36
26 92
17 36
11 29
17 31
18 45
55 92
47 90
27 68
2 72
24 65
32 43
32 90
2 19
16 33
56 86
11 91
14 59
28 116
