1 2 2492 7
540 616 1499 4
103 745 6027 4
8 21 4354 2
7 16 2475 7
14 16 6645 4
330 504 11355 4
8 15 8086 6
15 20 4973 2
1 25 2864 4
12 20 2805 5
5 16 11597 2
8 22 11026 7
3 23 9240 5
5 15 11798 3
6 18 1732 2
3 25 6370 4
11 12 5744 3
11 16 4487 4
277 213 10956 3
10 24 8560 2
14 20 1499 7
4 9 9821 5
16 22 11543 5
363 345 11784 5
737 714 7695 7
5 14 11361 4
8 11 5796 4
1 15 4708 6
520 220 3600 7
22 25 10463 4
6 22 2507 2
6 18 6368 7
1 5 10586 3
267 117 6277 7
4 20 1395 6
1 7 7864 7
7 24 8129 5
22 24 9074 3
4 21 4856 4
12 17 7846 4
18 25 3204 7
115 418 11890 4
9 17 4551 5
12 23 8095 3
1 5 4732 3
2 9 3785 3
13 19 3717 6
2 20 91 6
256 416 9856 6
2 8 4041 6
142 34 7704 6
6 24 6271 3
3 17 7562 3
15 22 2610 7
591 147 2723 5
91 234 3990 4
10 17 4031 5
7 21 4061 6
2 5 6093 4
11 17 8231 4
20 25 2902 3
19 21 8700 7
1 15 6609 7
8 18 3555 3
8 24 10775 6
634 756 7775 6
3 17 4675 7
9 16 9852 5
484 186 9317 6
8 25 11197 4
124 448 4388 5
11 13 1171 3
1 16 5153 5
146 748 5890 4
4 9 7757 6
9 17 2148 6
4 21 7660 4
4 8 10370 3
4 8 10425 7
11 14 2326 4
9 24 10394 2
2 25 6853 4
18 20 7153 7
3 11 8365 4
7 9 7272 5
7 17 11322 3
11 14 5603 4
5 10 221 3
4 7 4040 7
2 14 2706 7
7 21 2068 2
532 392 6574 7
7 17 10369 7
24 25 4375 6
25 154 12000 7
16 24 2336 7
2 15 6475 4
6 22 6248 7
3 23 8757 7
10 21 4423 4
5 16 10542 4
4 24 11396 4
8 18 4862 5
17 20 2799 4
733 244 1876 6
572 308 650 5
585 612 10481 7
1 11 10242 5
11 12 11314 4
4 24 4245 6
427 510 5578 7
4 5 579 5
277 680 7215 6
258 620 6656 2
6 18 5856 5
12 14 7044 5
9 21 9542 7
17 25 9231 3
138 529 1372 5
10 19 2405 5
14 22 2119 7
4 6 4330 5
1 9 2729 4
5 16 2243 7
10 11 5321 6
7 18 4882 4
2 7 391 6
6 23 9715 4
17 25 9683 3
21 25 1068 5
7 14 5273 6
385 330 5565 4
12 24 8752 7
19 592 12000 7
3 15 9509 4
6 9 4258 7
3 21 5556 5
6 8 5497 5
17 22 6290 5
52 192 8614 2
8 10 6886 4
60 115 473 5
6 24 5620 6
13 18 7440 7
4 23 9345 4
746 186 10885 5
18 20 7313 6
14 15 11987 3
2 20 9832 3
8 23 6828 3
368 108 11504 6
14 20 2158 4
232 154 4789 7
10 25 6396 6
3 24 8948 5
10 18 1061 7
10 14 9613 6
3 24 4092 3
153 289 10993 6
6 15 6369 4
1 13 4671 6
12 17 9974 3
22 24 2705 7
3 23 9249 6
18 21 425 3
10 25 11091 5
1 12 9109 4
21 25 7024 6
443 332 7769 7
738 368 7862 5
1 4 5216 2
7 13 11810 3
4 11 6828 6
91 542 9498 7
2 20 4744 3
168 162 4537 2
22 25 6769 7
504 165 6033 5
7 10 2942 6
8 10 5411 7
19 22 1997 3
1 20 11776 4
1 124 1498 6
740 153 4295 7
11 17 11571 3
11 13 8160 6
4 11 2472 4
5 6 2806 4
5 7 832 4
6 19 8039 4
4 12 7783 5
2 3 2416 5
12 21 2738 5
2 20 10932 3
608 171 261 5
12 16 7596 4
4 23 9486 7
23 24 8872 4
3 13 9076 3
0 0 0 0
