13 23 6209 3
3 9 2053 2
370 296 9246 3
112 273 1333 3
18 25 11294 6
7 23 11735 3
518 444 653 5
2 23 8911 3
8 25 5027 5
16 18 2785 3
2 18 5496 5
9 16 1003 3
18 24 2439 4
8 18 4915 2
7 9 2015 7
14 20 1050 4
256 171 4185 5
9 21 11811 3
10 19 5828 4
19 21 10006 5
13 23 8544 7
9 20 6118 6
2 246 11395 6
2 10 9850 7
3 14 4700 7
17 18 2904 3
2 24 7403 7
4 14 10316 2
18 24 11000 7
429 213 5643 5
5 17 11413 4
6 15 11722 4
3 6 8574 4
505 470 6509 7
1 11 5922 4
7 18 5643 7
2 19 10740 6
11 12 6806 4
767 299 5737 5
572 582 5667 2
559 681 12000 7
9 16 1891 3
8 14 10140 3
16 25 5668 5
3 22 7306 5
179 44 2359 6
23 25 10051 4
735 284 6526 5
10 14 2760 6
7 11 5419 6
18 24 3187 5
361 475 9979 6
1 7 711 5
4 6 7286 4
1 15 5661 5
13 14 3771 5
522 754 2729 3
2 6 3773 3
8 260 8723 4
3 11 3067 6
7 17 5154 5
3 16 8691 7
6 25 10678 5
6 12 3392 5
13 21 4927 5
2 3 1601 2
15 16 9913 7
3 16 7257 3
3 17 3154 5
739 211 912 5
7 9 7265 4
17 20 3167 4
7 14 995 5
17 85 8337 2
51 93 9878 5
8 12 11033 4
262 646 8778 3
6 14 8348 6
2 7 7730 4
339 350 6337 6
125 166 4320 4
2 5 11041 6
19 25 1162 7
5 6 11638 7
2 10 415 3
355 510 8518 5
4 20 1454 4
1 24 3717 7
144 135 5323 2
3 20 5390 5
8 19 8318 3
10 22 10613 7
4 18 2470 3
13 25 3369 3
10 19 4814 5
18 20 10550 4
7 24 11503 5
1 11 4825 6
476 480 6523 5
598 442 4128 3
21 22 4021 7
9 18 5358 7
10 12 1878 4
40 540 11751 3
4 23 4274 6
15 24 7829 7
6 22 3037 2
4 7 4851 4
3 23 9962 7
80 705 10643 2
10 12 1348 3
7 24 7179 2
1 9 10282 2
4 22 5032 2
11 21 6331 2
11 12 7883 5
24 25 7123 5
6 15 9290 4
1 8 7108 3
2 18 8446 4
7 13 2357 4
15 43 3461 3
82 210 4308 7
5 7 3656 5
7 11 10101 4
603 513 5880 7
1 3 7247 4
14 15 3891 3
4 8 9842 3
7 17 3377 4
12 23 5031 4
4 12 8070 3
190 513 373 5
4 15 10515 5
119 306 5809 3
2 18 6357 6
1 6 3588 6
14 16 2420 7
299 621 9349 7
14 24 2271 6
456 272 9934 5
2 3 6055 2
17 21 6061 3
402 624 11216 5
13 17 9538 6
3 4 8756 7
2 3 5891 4
2 4 720 2
19 22 10645 5
4 11 11832 6
173 315 12000 7
5 7 4171 6
3 18 4741 3
13 15 1723 3
21 22 5062 6
9 25 7477 5
800 685 7813 4
11 15 10834 3
6 18 9603 3
1 13 5910 2
21 25 7495 3
5 25 2971 7
6 7 7682 7
6 10 11036 5
193 186 7841 3
12 23 4631 4
5 7 2107 4
6 12 4901 3
3 10 8127 3
24 25 7164 6
8 12 5035 5
4 55 9662 7
9 18 11201 4
22 25 7540 7
30 210 2943 5
363 360 7871 4
20 21 5090 4
437 456 9809 6
27 304 7899 6
24 25 10915 7
466 317 9365 4
5 12 10857 6
5 24 6435 7
12 15 8085 4
2 4 677 5
6 14 9941 4
7 20 10741 3
10 18 1529 7
630 32 4255 2
102 384 3227 3
14 24 1167 6
6 21 8432 4
6 10 6484 6
10 18 4023 4
1 2 9000 4
8 18 8051 2
10 12 10800 7
16 25 8026 6
4 20 4757 4
5 15 11712 4
0 0 0 0
