19 24 2288 6
13 23 10345 7
6 16 9065 6
616 738 7634 5
4 24 9585 5
3 4 11537 6
19 22 8126 3
1 10 4085 6
1 25 11745 2
16 19 2084 7
13 24 8008 6
5 8 7575 7
8 14 4528 2
475 133 3935 7
3 22 8584 5
4 9 136 6
12 16 3438 3
2 3 9086 5
183 716 12000 7
539 532 8825 7
4 7 6861 5
11 14 10043 4
181 180 9422 6
11 16 11229 3
1 5 38 7
2 25 5576 6
11 18 520 6
20 24 3396 6
757 483 10322 6
2 11 4314 4
6 17 10259 5
615 342 5273 7
24 116 7366 2
1 16 7483 6
6 20 5632 7
4 21 7835 5
4 14 9739 3
6 24 4530 4
4 21 7213 2
1 19 6938 6
171 225 11528 3
59 70 411 4
1 17 3383 2
11 12 7119 5
10 22 10580 6
5 14 11163 7
6 24 10690 3
2 9 875 7
14 15 10154 4
10 19 9400 4
600 272 6323 6
17 21 5485 6
7 18 10154 7
7 10 8294 5
7 24 10320 7
3 9 1668 7
4 21 2386 6
5 25 3010 2
731 328 1901 2
8 18 8103 6
216 377 8748 5
6 24 2182 7
1 19 9754 7
5 18 9367 4
1 24 5345 4
11 20 9933 3
10 13 7504 3
3 5 6727 2
1 6 11030 3
3 18 4310 4
14 18 3015 6
2 3 768 6
6 21 6659 5
11 21 8527 4
1 18 11137 4
713 82 3052 7
5 16 10546 2
440 680 8704 3
3 21 10441 4
7 18 3658 4
4 6 3346 2
565 770 1672 3
6 11 4524 5
3 12 4721 4
389 147 9156 7
20 25 2661 7
12 21 7993 7
11 21 2910 6
3 11 5909 5
16 19 7571 6
8 13 1436 4
17 22 9524 7
116 400 5776 7
7 13 6085 4
16 20 1505 7
17 25 8522 3
18 21 3711 5
13 25 789 3
3 8 9831 3
584 290 12000 7
1 24 6327 5
12 270 2904 7
1 9 3139 7
11 18 11226 3
456 303 10911 3
43 473 4204 4
7 21 4420 2
10 14 10426 4
5 10 1951 4
9 13 8926 3
373 496 10130 5
11 12 8300 3
20 21 9365 6
120 208 11284 5
310 75 11158 6
501 558 9288 4
20 24 1576 4
2 16 9191 3
19 21 8535 6
178 120 4647 4
3 9 8566 2
4 18 2386 2
11 19 3952 4
350 275 962 7
4 6 1839 3
5 12 9881 4
734 560 10310 7
19 22 11245 3
10 21 3891 6
216 304 7794 6
2 7 6351 6
8 21 2056 4
5 15 10530 2
42 123 5385 4
16 22 5507 7
6 24 2609 6
353 234 1953 7
12 15 7546 7
14 25 10721 5
6 8 5264 3
8 16 8783 2
1 17 2022 5
3 18 6384 2
10 20 2447 7
2 14 8364 6
6 20 6093 2
8 16 6230 4
256 764 4098 4
3 5 11224 6
8 15 2751 2
11 21 2268 3
1 10 8786 2
6 22 2803 5
7 8 5810 6
8 22 2081 3
740 180 9894 7
4 18 5651 3
8 23 8392 3
3 18 10650 4
345 92 7461 5
2 19 9602 7
3 8 6778 7
10 22 8322 6
12 24 210 6
19 24 5208 5
12 24 206 2
18 25 8600 4
325 90 4191 5
6 21 1792 5
7 12 8563 3
493 792 8481 7
7 14 5080 4
7 9 10334 6
760 168 2464 6
528 83 992 3
6 24 8993 7
7 14 8602 3
2 21 10627 7
6 18 1841 7
6 22 274 7
4 16 3250 5
23 24 5705 3
2 20 3409 3
4 22 9359 2
14 22 2884 5
3 5 8009 3
220 204 11169 6
17 22 2600 6
293 136 9985 5
71 312 8082 3
4 14 5266 7
1 16 3306 3
2 21 6215 2
78 385 3267 2
13 15 5316 4
9 24 9435 4
3 24 8071 5
4 14 1923 3
5 8 8129 3
7 9 4148 4
0 0 0 0
