975460
7662
273257
192920
124513
647
22657
979139
394625
38275
524330
221463
486642
697280
176851
27720
11962
2053
16097
564164
846771
965755
282
733330
32810
348420
986633
172634
134726
113062
281809
577860
574072
247151
764161
950355
243915
357770
681322
540274
931548
956946
132716
50116
749340
883514
908600
231137
157301
3654
5013
25723
918095
1767
462370
325520
342275
976745
725040
88560
8223
596904
1933
688959
353979
207044
647361
287980
5538
749844
2537
1523
939929
529870
44833
862342
20825
926100
253461
220
73150
48043
319602
457475
249656
687810
6343
1578
682640
4960
962021
118150
902051
832540
217363
902879
19277
616161
888573
487344
472562
204696
295120
10660
62158
343523
894190
918783
512140
79079
2300
204156
34220
24319
223475
816
159919
5647
1118
898782
472341
13244
685927
762355
683364
120
239296
4003
703658
227955
46556
38986
725255
297028
619012
512958
65624
589738
36262
447516
52394
240464
105995
723741
8436
7542
661829
991570
473469
139
465088
238580
95455
9753
260123
2724
552500
249535
520887
366145
680
690241
103709
12843
321724
84444
59640
247465
952334
508080
62196
30856
237
378841
951421
30298
632710
432
161986
915846
2253
205291
562475
31996
7770
635373
792544
776216
10852
435700
748660
246905
138415
588315
106277
437989
448947
13822
67525
6263
478108
0
