21 8
18 3
2 19
10 3
3 2
10 8
1 10
1 15
6 2
19 4
4 3
2 1
19 1
1 19
50 5
25 10
5 25
30 21
10 25
15 20
6 3
2 5
5 1
3 4
34 14
13 8
20 15
13 18
20 15
11 19
31 4
10 25
15 20
3 15
1 10
31 4
10 20
15 20
10 15
2 4
1 1
2 1
1 2
2 1
50 10
1 50
20 20
26 2
50 1
1 10
47 4
17 8
20 31
15 3
26 25
10 5
4 4
1 10
3 3
10 1
2 9
48 5
1 48
48 1
24 25
13 25
20 20
15 4
12 3
15 1
12 4
3 5
7 7
1 2
3 4
7 1
1 7
3 5
7 1
3 4
50 6
20 16
3 8
1 10
25 26
25 10
25 25
48 5
24 25
5 20
15 33
5 24
15 10
9 4
1 5
3 7
4 4
5 5
10 6
10 1
4 4
5 6
6 5
3 4
10 1
48 10
25 10
10 14
1 48
24 25
48 1
20 20
30 15
20 10
5 20
15 30
25 6
18 8
10 8
1 15
15 11
8 10
5 20
50 4
50 1
15 20
25 10
1 25
10 5
8 3
5 2
10 1
2 8
3 7
25 10
15 11
10 10
15 10
15 6
1 5
3 10
15 11
8 10
9 15
10 5
7 15
1 2
3 4
7 1
1 7
1 1
7 1
3 3
3 4
7 1
1 7
2 1
3 4
7 1
1 7
5 1
50 16
25 26
3 8
1 10
10 10
15 10
25 25
1 50
20 20
26 20
50 1
1 10
47 4
7 17
20 31
15 5
25 25
48 15
24 25
5 20
17 4
7 17
20 29
15 5
25 24
10 33
20 24
5 10
17 4
7 17
18 31
15 5
25 24
9 10
1 5
3 6
6 4
2 4
5 2
3 4
6 1
4 4
5 5
7 3
6 4
2 4
5 2
3 4
6 1
48 5
25 10
10 14
1 48
48 1
30 15
25 5
18 2
10 8
1 15
15 11
6 2
50 4
50 1
15 20
25 10
1 25
10 3
8 3
4 2
10 1
25 10
15 11
10 10
5 10
15 6
1 5
3 10
15 11
8 10
9 8
10 5
10 7
1 5
3 4
7 1
1 7
10 1
7 1
3 4
15 10
13 3
4 8
5 11
3 10
10 6
5 10
7 9
10 2
3 8
15 1
9 5
1 2
3 3
4 4
5 5
6 3
21 4
18 3
2 19
5 15
2 19
19 4
4 3
2 1
19 1
1 19
50 40
1 50
20 20
26 20
50 1
1 10
47 4
7 17
20 31
15 5
26 25
25 26
13 28
10 10
15 10
25 25
25 26
13 28
10 40
30 21
5 25
30 21
20 20
10 20
30 15
20 20
25 26
13 28
10 10
15 10
25 25
25 26
13 28
10 40
30 21
5 25
30 21
20 20
10 20
30 15
20 20
10 15
5 4
1 10
3 8
10 1
3 8
5 4
1 10
3 8
5 4
1 10
3 8
10 1
3 8
10 1
3 8
15 20
10 6
5 10
15 1
5 5
10 6
6 8
5 11
6 5
10 6
4 8
13 3
6 10
10 6
5 8
12 2
6 7
10 6
3 9
15 1
6 5
48 20
12 12
5 20
10 35
13 3
4 8
5 10
3 8
10 6
5 9
7 7
10 2
3 8
15 1
35 14
1 10
48 1
14 29
20 25
10 30
5 31
10 7
1 5
3 4
7 1
1 7
10 1
7 1
3 4
15 10
13 3
4 8
5 10
3 8
10 6
5 9
7 7
10 2
3 8
15 1
9 5
1 2
3 3
4 4
5 5
6 3
9 2
5 1
3 3
21 4
18 3
2 19
10 3
2 19
19 4
4 3
2 1
19 1
1 19
50 10
1 50
20 20
26 2
50 1
1 10
47 4
7 15
20 31
15 3
26 25
10 5
4 4
1 10
3 8
10 1
2 9
15 4
10 6
12 3
15 1
3 5
48 10
12 12
5 20
10 30
35 14
1 10
48 1
14 24
20 25
10 30
5 31
50 10
1 50
1 26
24 27
50 1
1 10
48 3
7 8
20 22
15 3
25 26
10 5
4 4
1 10
3 4
10 1
3 8
20 5
18 3
5 10
20 1
12 4
3 5
25 20
20 5
20 6
18 3
5 10
20 1
12 4
3 5
18 3
5 10
20 1
12 4
3 5
10 10
1 15
3 4
25 1
17 9
10 10
17 9
3 3
50 30
25 26
13 28
10 10
15 10
25 25
25 26
13 28
10 40
30 21
5 25
30 21
20 20
10 20
30 15
20 20
25 26
13 28
10 10
15 10
25 25
25 26
13 28
10 40
30 21
5 25
30 21
20 20
10 20
30 15
20 20
9 15
1 2
3 3
4 4
5 5
4 5
3 7
2 6
3 7
5 5
3 3
2 2
4 5
2 7
4 2
3 5
48 1
24 25
24 15
11 4
10 10
5 13
4 6
15 10
10 10
15 10
15 6
1 5
3 10
14 11
8 10
9 15
10 5
15 10
20 15
3 2
10 8
1 10
1 15
6 2
4 11
10 10
11 10
15 6
1 5
3 10
15 6
8 10
9 10
10 5
35 25
34 2
10 20
10 15
5 25
10 10
3 20
10 8
20 10
1 15
6 20
15 11
10 10
25 11
15 6
1 35
3 10
15 11
8 10
9 15
10 5
25 11
13 8
1 10
10 20
15 10
50 30
25 26
13 28
10 10
15 10
25 25
25 26
13 28
10 40
30 21
5 25
30 21
20 20
10 20
30 15
20 20
25 26
13 28
10 10
15 10
25 25
25 26
13 28
10 40
30 21
5 25
30 21
20 20
10 20
30 15
20 20
21 3
18 3
2 19
10 3
19 4
4 3
2 1
19 1
1 19
50 5
25 10
5 25
30 21
10 25
15 20
6 3
2 5
5 1
3 4
34 7
13 8
20 15
1 10
31 4
10 20
15 20
10 15
2 4
1 1
2 1
1 2
2 1
50 10
1 50
20 20
26 2
50 1
1 10
47 4
17 8
20 31
15 3
26 25
10 5
4 4
1 10
3 3
10 1
2 9
48 5
1 48
48 1
24 25
13 25
20 20
15 4
12 3
15 1
12 4
3 5
7 7
1 2
3 4
7 1
1 7
3 5
7 1
3 4
50 6
20 16
3 8
1 10
25 26
25 10
25 25
48 5
24 25
5 20
15 33
5 24
15 10
9 4
1 5
3 7
4 4
5 5
10 6
10 1
4 4
5 6
6 5
3 4
10 1
48 10
25 10
10 14
1 48
24 25
48 1
20 20
30 15
20 10
5 20
15 30
25 6
18 8
10 8
1 15
15 11
8 10
5 20
50 4
50 1
15 20
25 10
1 25
10 5
8 3
5 2
10 1
2 8
3 7
25 10
15 11
10 10
15 10
15 6
1 5
3 10
15 11
8 10
9 15
10 5
7 7
1 2
3 4
7 1
1 7
1 1
7 1
3 3
50 6
25 26
3 8
1 10
10 10
15 10
25 25
48 5
24 25
5 20
10 33
20 24
5 10
9 4
1 5
3 6
4 4
5 5
6 4
2 4
5 2
3 4
6 1
48 5
25 10
10 14
1 48
48 1
30 15
25 5
18 2
10 8
1 15
15 11
6 2
50 4
50 1
15 20
25 10
1 25
10 3
8 3
4 2
10 1
25 10
15 11
10 10
5 10
15 6
1 5
3 10
15 11
8 10
9 8
10 5
10 7
1 5
3 4
7 1
1 7
10 1
7 1
3 4
15 10
13 3
4 8
5 11
3 10
10 6
5 10
7 9
10 2
3 8
15 1
9 5
1 2
3 3
4 4
5 5
6 3
9 2
9 1
3 3
21 4
18 3
2 19
5 15
2 19
19 4
4 3
2 1
19 1
1 19
50 10
1 50
20 20
26 20
50 1
1 10
47 4
7 17
20 31
15 5
26 25
10 5
5 4
1 10
3 8
10 1
3 8
15 4
10 6
5 8
15 1
6 5
48 10
12 12
5 20
10 35
35 14
1 10
48 1
14 29
20 25
10 30
5 31
0 0
