50 10
1 50
1 26
24 27
50 1
1 10
48 3
7 8
20 22
15 3
25 26
10 5
4 4
1 10
3 4
10 1
3 8
20 5
18 3
5 10
20 1
12 4
3 5
25 7
1 15
3 4
25 1
17 9
1 1
7 1
3 3
50 5
25 26
3 8
10 10
15 10
25 25
9 4
1 2
3 3
4 4
5 5
48 1
24 25
6 3
1 4
5 1
3 3
20 5
3 2
10 8
1 1
1 15
6 2
5 5
4 2
2 3
2 3
5 1
3 3
21 7
18 3
2 19
10 3
21 1
5 15
10 12
1 21
19 10
4 13
2 10
19 1
1 19
5 15
2 8
5 14
10 5
8 12
5 10
50 7
25 10
15 25
30 21
15 25
15 20
5 15
10 30
6 3
2 5
5 2
3 4
34 7
13 18
20 15
1 10
31 4
10 20
15 20
10 15
2 4
1 1
2 1
1 2
2 1
50 10
1 50
10 20
26 25
50 1
1 10
47 4
17 28
20 31
15 31
20 25
10 5
3 4
1 10
4 7
10 1
2 9
48 5
1 48
48 1
24 25
13 25
20 20
15 4
12 3
15 1
12 4
3 5
10 7
1 5
3 4
7 1
1 7
10 1
7 1
3 4
15 10
13 3
4 8
5 10
3 8
10 6
5 9
7 7
10 2
3 8
15 1
9 5
1 2
3 3
4 4
5 5
6 3
9 2
5 1
3 3
21 4
18 3
2 19
10 3
2 19
19 4
4 3
2 1
19 1
1 19
50 10
1 50
20 20
26 2
50 1
1 10
47 4
7 15
20 31
15 3
26 25
10 5
4 4
1 10
3 8
10 1
2 9
15 4
10 6
12 3
15 1
3 5
48 10
12 12
5 20
10 30
35 14
1 10
48 1
14 24
20 25
10 30
5 31
50 10
1 50
1 26
24 27
50 1
1 10
48 3
7 8
20 22
15 3
25 26
10 5
4 4
1 10
3 4
10 1
3 8
20 5
18 3
5 10
20 1
12 4
3 5
25 7
1 15
3 4
25 1
17 9
10 10
17 9
3 3
50 5
25 26
13 28
10 10
15 10
25 25
9 4
1 2
3 3
4 4
5 5
48 1
24 25
24 4
11 4
15 10
5 13
4 6
20 5
3 2
10 8
1 10
1 15
6 2
35 5
34 2
10 20
10 15
5 25
10 10
50 10
1 50
1 26
24 27
50 1
1 10
48 3
7 8
20 22
15 3
25 26
10 5
4 4
1 10
3 4
10 1
3 8
20 5
18 3
5 10
20 1
12 4
3 5
25 7
1 15
3 4
25 1
17 9
1 1
7 1
3 3
50 5
25 26
3 8
10 10
15 10
25 25
9 4
1 2
3 3
4 4
5 5
48 1
24 25
6 3
1 4
5 1
3 3
20 5
3 2
10 8
1 1
1 15
6 2
5 5
4 2
2 3
2 3
5 1
3 3
21 7
18 3
2 19
10 3
21 1
5 15
10 12
1 21
19 10
4 13
2 10
19 1
1 19
5 15
2 8
5 14
10 5
8 12
5 10
50 7
25 10
15 25
30 21
15 25
15 20
5 15
10 30
6 3
2 5
5 2
3 4
34 7
13 18
20 15
1 10
31 4
10 20
15 20
10 15
2 4
1 1
2 1
1 2
2 1
50 10
1 50
10 20
26 25
50 1
1 10
47 4
17 28
20 31
15 31
20 25
10 5
3 4
1 10
4 7
10 1
2 9
48 5
1 48
48 1
24 25
13 25
20 20
15 4
12 3
15 1
12 4
3 5
7 7
1 2
3 4
7 1
1 7
1 1
7 1
3 3
50 6
25 26
3 8
1 10
10 10
15 10
25 25
48 5
24 25
5 20
10 33
20 24
5 10
9 4
1 5
3 6
4 4
5 5
6 4
2 4
5 2
3 4
6 1
48 5
25 10
10 14
1 48
48 1
30 15
25 5
18 2
10 8
1 15
15 11
6 2
50 4
50 1
15 20
25 10
1 25
10 3
8 3
4 2
10 1
25 10
15 11
10 10
5 10
15 6
1 5
3 10
15 11
8 10
9 8
10 5
10 7
1 5
3 4
7 1
1 7
10 1
7 1
3 4
15 10
13 3
4 8
5 11
3 10
10 6
5 10
7 9
10 2
3 8
15 1
9 5
1 2
3 3
4 4
5 5
6 3
9 2
9 1
3 3
21 4
18 3
2 19
5 15
2 19
19 4
4 3
2 1
19 1
1 19
50 10
1 50
20 20
26 20
50 1
1 10
47 4
7 17
20 31
15 5
26 25
10 5
5 4
1 10
3 8
10 1
3 8
15 4
10 6
5 8
15 1
6 5
48 10
12 12
5 20
10 35
35 14
1 10
48 1
14 29
20 25
10 30
5 31
10 7
1 5
3 4
7 1
1 7
10 1
7 1
3 4
15 10
13 3
4 8
5 10
3 8
10 6
5 9
7 7
10 2
3 8
15 1
9 5
1 2
3 3
4 4
5 5
6 3
9 2
5 1
3 3
21 4
18 3
2 19
10 3
2 19
19 4
4 3
2 1
19 1
1 19
50 10
1 50
20 20
26 2
50 1
1 10
47 4
7 15
20 31
15 3
26 25
10 5
4 4
1 10
3 8
10 1
2 9
15 4
10 6
12 3
15 1
3 5
48 10
12 12
5 20
10 30
35 14
1 10
48 1
14 24
20 25
10 30
5 31
50 10
1 50
1 26
24 27
50 1
1 10
48 3
7 8
20 22
15 3
25 26
10 5
4 4
1 10
3 4
10 1
3 8
20 5
18 3
5 10
20 1
12 4
3 5
25 7
1 15
3 4
25 1
17 9
10 10
17 9
3 3
50 5
25 26
13 28
10 10
15 10
25 25
9 4
1 2
3 3
4 4
5 5
48 1
24 25
24 4
11 4
15 10
5 13
4 6
20 5
3 2
10 8
1 10
1 15
6 2
35 5
34 2
10 20
10 15
5 25
10 10
50 10
1 50
1 26
24 27
50 1
1 10
48 3
7 8
20 22
15 3
25 26
10 5
4 4
1 10
3 4
10 1
3 8
20 5
18 3
5 10
20 1
12 4
3 5
25 7
1 15
3 4
25 1
17 9
1 1
7 1
3 3
50 5
25 26
3 8
10 10
15 10
25 25
9 4
1 2
3 3
4 4
5 5
6 3
1 4
5 1
3 3
20 5
3 2
10 8
1 1
1 15
6 2
5 5
4 2
2 3
2 3
5 1
3 3
21 7
18 3
2 19
10 3
21 1
5 15
10 12
1 21
19 10
4 13
2 10
19 1
1 19
5 15
2 8
5 14
10 5
8 12
5 10
50 7
25 10
15 25
30 21
15 25
15 20
5 15
10 30
6 3
2 5
5 2
3 4
34 7
13 18
20 15
1 10
31 4
10 20
15 20
10 15
2 4
1 1
2 1
1 2
2 1
50 10
1 50
10 20
26 25
50 1
1 10
47 4
17 28
20 31
15 31
20 25
10 5
3 4
1 10
4 7
10 1
2 9
48 5
1 48
48 1
24 25
13 25
20 20
15 4
12 3
15 1
12 4
3 5
0 0
